1 1.0 0.0 0.0 0.0 0.0 1.0 0.0 0.0 0.0 0.0 1.0 0.0 0.0 0.0 0.0 1.0
2 0.9998476951563913 -0.01745240643728351 0.0 0.0 0.01745240643728351 0.9998476951563913 0.0 0.0 0.0 0.0 1.0 0.0 0.0 0.0 0.0 1.0
3 0.9993908270190958 -0.03489949670250097 0.0 0.0 0.03489949670250097 0.9993908270190958 0.0 0.0 0.0 0.0 1.0 0.0 0.0 0.0 0.0 1.0
4 0.9986295347545738 -0.052335956242943835 0.0 0.0 0.052335956242943835 0.9986295347545738 0.0 0.0 0.0 0.0 0.9999999999999999 0.0 0.0 0.0 0.0 1.0
5 1.0 0.0 0.0 0.0 0.0 1.0 0.0 0.0 0.0 0.0 1.0 0.0 0.0 0.0 0.0 1.0
6 0.9986295347545738 -0.052335956242943835 0.0 0.0 0.052335956242943835 0.9986295347545738 0.0 0.0 0.0 0.0 0.9999999999999999 0.0 0.0 0.0 0.0 1.0
7 0.9998476951563913 -0.01745240643728351 0.0 0.0 0.01745240643728351 0.9998476951563913 0.0 0.0 0.0 0.0 1.0 0.0 0.0 0.0 0.0 1.0
8 0.9998476951563913 -0.01745240643728351 0.0 0.0 0.01745240643728351 0.9998476951563913 0.0 0.0 0.0 0.0 1.0 0.0 0.0 0.0 0.0 1.0
9 0.9998476951563913 -0.01745240643728351 0.0 0.0 0.01745240643728351 0.9998476951563913 0.0 0.0 0.0 0.0 1.0 0.0 0.0 0.0 0.0 1.0
10 1.0 0.0 0.0 0.0 0.0 1.0 0.0 0.0 0.0 0.0 1.0 0.0 0.0 0.0 0.0 1.0
11 0.9986295347545738 -0.052335956242943835 0.0 0.0 0.052335956242943835 0.9986295347545738 0.0 0.0 0.0 0.0 0.9999999999999999 0.0 0.0 0.0 0.0 1.0
12 0.9986295347545738 -0.052335956242943835 0.0 0.0 0.052335956242943835 0.9986295347545738 0.0 0.0 0.0 0.0 0.9999999999999999 0.0 0.0 0.0 0.0 1.0
13 1.0 0.0 0.0 0.0 0.0 1.0 0.0 0.0 0.0 0.0 1.0 0.0 0.0 0.0 0.0 1.0
14 1.0 0.0 0.0 0.0 0.0 1.0 0.0 0.0 0.0 0.0 1.0 0.0 0.0 0.0 0.0 1.0
15 0.9986295347545738 -0.052335956242943835 0.0 0.0 0.052335956242943835 0.9986295347545738 0.0 0.0 0.0 0.0 0.9999999999999999 0.0 0.0 0.0 0.0 1.0
16 0.9998476951563913 -0.01745240643728351 0.0 0.0 0.01745240643728351 0.9998476951563913 0.0 0.0 0.0 0.0 1.0 0.0 0.0 0.0 0.0 1.0
17 0.9993908270190958 -0.03489949670250097 0.0 0.0 0.03489949670250097 0.9993908270190958 0.0 0.0 0.0 0.0 1.0 0.0 0.0 0.0 0.0 1.0
18 0.9998476951563913 -0.01745240643728351 0.0 0.0 0.01745240643728351 0.9998476951563913 0.0 0.0 0.0 0.0 1.0 0.0 0.0 0.0 0.0 1.0
19 0.9998476951563913 -0.01745240643728351 0.0 0.0 0.01745240643728351 0.9998476951563913 0.0 0.0 0.0 0.0 1.0 0.0 0.0 0.0 0.0 1.0
20 1.0 0.0 0.0 0.0 0.0 1.0 0.0 0.0 0.0 0.0 1.0 0.0 0.0 0.0 0.0 1.0
21 0.9986295347545738 -0.052335956242943835 0.0 0.0 0.052335956242943835 0.9986295347545738 0.0 0.0 0.0 0.0 0.9999999999999999 0.0 0.0 0.0 0.0 1.0
22 0.9998476951563913 -0.01745240643728351 0.0 0.0 0.01745240643728351 0.9998476951563913 0.0 0.0 0.0 0.0 1.0 0.0 0.0 0.0 0.0 1.0
23 1.0 0.0 0.0 0.0 0.0 1.0 0.0 0.0 0.0 0.0 1.0 0.0 0.0 0.0 0.0 1.0
24 0.9986295347545738 -0.052335956242943835 0.0 0.0 0.052335956242943835 0.9986295347545738 0.0 0.0 0.0 0.0 0.9999999999999999 0.0 0.0 0.0 0.0 1.0
25 0.9998476951563913 -0.01745240643728351 0.0 0.0 0.01745240643728351 0.9998476951563913 0.0 0.0 0.0 0.0 1.0 0.0 0.0 0.0 0.0 1.0
26 0.9975640502598243 -0.0697564737441253 0.0 0.0 0.0697564737441253 0.9975640502598243 0.0 0.0 0.0 0.0 1.0 0.0 0.0 0.0 0.0 1.0
27 1.0 0.0 0.0 0.0 0.0 1.0 0.0 0.0 0.0 0.0 1.0 0.0 0.0 0.0 0.0 1.0
28 0.9993908270190958 -0.03489949670250097 0.0 0.0 0.03489949670250097 0.9993908270190958 0.0 0.0 0.0 0.0 1.0 0.0 0.0 0.0 0.0 1.0
29 0.9998476951563913 -0.01745240643728351 0.0 0.0 0.01745240643728351 0.9998476951563913 0.0 0.0 0.0 0.0 1.0 0.0 0.0 0.0 0.0 1.0
30 0.9993908270190958 -0.03489949670250097 0.0 0.0 0.03489949670250097 0.9993908270190958 0.0 0.0 0.0 0.0 1.0 0.0 0.0 0.0 0.0 1.0
31 0.9998476951563913 -0.01745240643728351 0.0 0.0 0.01745240643728351 0.9998476951563913 0.0 0.0 0.0 0.0 1.0 0.0 0.0 0.0 0.0 1.0
32 1.0 0.0 0.0 0.0 0.0 1.0 0.0 0.0 0.0 0.0 1.0 0.0 0.0 0.0 0.0 1.0
33 0.9986295347545738 -0.052335956242943835 0.0 0.0 0.052335956242943835 0.9986295347545738 0.0 0.0 0.0 0.0 0.9999999999999999 0.0 0.0 0.0 0.0 1.0
34 1.0 0.0 0.0 0.0 0.0 1.0 0.0 0.0 0.0 0.0 1.0 0.0 0.0 0.0 0.0 1.0
35 0.9993908270190958 -0.03489949670250097 0.0 0.0 0.03489949670250097 0.9993908270190958 0.0 0.0 0.0 0.0 1.0 0.0 0.0 0.0 0.0 1.0
36 0.9993908270190958 -0.03489949670250097 0.0 0.0 0.03489949670250097 0.9993908270190958 0.0 0.0 0.0 0.0 1.0 0.0 0.0 0.0 0.0 1.0
37 0.9975640502598243 -0.0697564737441253 0.0 0.0 0.0697564737441253 0.9975640502598243 0.0 0.0 0.0 0.0 1.0 0.0 0.0 0.0 0.0 1.0
38 1.0 0.0 0.0 0.0 0.0 1.0 0.0 0.0 0.0 0.0 1.0 0.0 0.0 0.0 0.0 1.0
39 0.9986295347545738 -0.052335956242943835 0.0 0.0 0.052335956242943835 0.9986295347545738 0.0 0.0 0.0 0.0 0.9999999999999999 0.0 0.0 0.0 0.0 1.0
40 0.9993908270190958 -0.03489949670250097 0.0 0.0 0.03489949670250097 0.9993908270190958 0.0 0.0 0.0 0.0 1.0 0.0 0.0 0.0 0.0 1.0
41 0.9993908270190958 -0.03489949670250097 0.0 0.0 0.03489949670250097 0.9993908270190958 0.0 0.0 0.0 0.0 1.0 0.0 0.0 0.0 0.0 1.0
42 1.0 0.0 0.0 0.0 0.0 1.0 0.0 0.0 0.0 0.0 1.0 0.0 0.0 0.0 0.0 1.0
43 0.9993908270190958 -0.03489949670250097 0.0 0.0 0.03489949670250097 0.9993908270190958 0.0 0.0 0.0 0.0 1.0 0.0 0.0 0.0 0.0 1.0
44 1.0 0.0 0.0 0.0 0.0 1.0 0.0 0.0 0.0 0.0 1.0 0.0 0.0 0.0 0.0 1.0
45 0.9993908270190958 -0.03489949670250097 0.0 0.0 0.03489949670250097 0.9993908270190958 0.0 0.0 0.0 0.0 1.0 0.0 0.0 0.0 0.0 1.0
46 0.9998476951563913 -0.01745240643728351 0.0 0.0 0.01745240643728351 0.9998476951563913 0.0 0.0 0.0 0.0 1.0 0.0 0.0 0.0 0.0 1.0
47 0.9993908270190958 -0.03489949670250097 0.0 0.0 0.03489949670250097 0.9993908270190958 0.0 0.0 0.0 0.0 1.0 0.0 0.0 0.0 0.0 1.0
48 0.9998476951563913 -0.01745240643728351 0.0 0.0 0.01745240643728351 0.9998476951563913 0.0 0.0 0.0 0.0 1.0 0.0 0.0 0.0 0.0 1.0
49 0.9986295347545738 -0.052335956242943835 0.0 0.0 0.052335956242943835 0.9986295347545738 0.0 0.0 0.0 0.0 0.9999999999999999 0.0 0.0 0.0 0.0 1.0
50 0.9975640502598243 -0.0697564737441253 0.0 0.0 0.0697564737441253 0.9975640502598243 0.0 0.0 0.0 0.0 1.0 0.0 0.0 0.0 0.0 1.0
51 0.9975640502598243 -0.0697564737441253 0.0 0.0 0.0697564737441253 0.9975640502598243 0.0 0.0 0.0 0.0 1.0 0.0 0.0 0.0 0.0 1.0
52 0.9986295347545738 -0.052335956242943835 0.0 0.0 0.052335956242943835 0.9986295347545738 0.0 0.0 0.0 0.0 0.9999999999999999 0.0 0.0 0.0 0.0 1.0
53 0.9998476951563913 -0.01745240643728351 0.0 0.0 0.01745240643728351 0.9998476951563913 0.0 0.0 0.0 0.0 1.0 0.0 0.0 0.0 0.0 1.0
54 0.9993908270190958 -0.03489949670250097 0.0 0.0 0.03489949670250097 0.9993908270190958 0.0 0.0 0.0 0.0 1.0 0.0 0.0 0.0 0.0 1.0
55 0.9993908270190958 -0.03489949670250097 0.0 0.0 0.03489949670250097 0.9993908270190958 0.0 0.0 0.0 0.0 1.0 0.0 0.0 0.0 0.0 1.0
56 0.9993908270190958 -0.03489949670250097 0.0 0.0 0.03489949670250097 0.9993908270190958 0.0 0.0 0.0 0.0 1.0 0.0 0.0 0.0 0.0 1.0
57 0.9998476951563913 -0.01745240643728351 0.0 0.0 0.01745240643728351 0.9998476951563913 0.0 0.0 0.0 0.0 1.0 0.0 0.0 0.0 0.0 1.0
58 0.9998476951563913 -0.01745240643728351 0.0 0.0 0.01745240643728351 0.9998476951563913 0.0 0.0 0.0 0.0 1.0 0.0 0.0 0.0 0.0 1.0
59 1.0 0.0 0.0 0.0 0.0 1.0 0.0 0.0 0.0 0.0 1.0 0.0 0.0 0.0 0.0 1.0
60 0.9986295347545738 -0.052335956242943835 0.0 0.0 0.052335956242943835 0.9986295347545738 0.0 0.0 0.0 0.0 0.9999999999999999 0.0 0.0 0.0 0.0 1.0
61 0.9993908270190958 -0.03489949670250097 0.0 0.0 0.03489949670250097 0.9993908270190958 0.0 0.0 0.0 0.0 1.0 0.0 0.0 0.0 0.0 1.0
62 1.0 0.0 0.0 0.0 0.0 1.0 0.0 0.0 0.0 0.0 1.0 0.0 0.0 0.0 0.0 1.0
63 1.0 0.0 0.0 0.0 0.0 1.0 0.0 0.0 0.0 0.0 1.0 0.0 0.0 0.0 0.0 1.0
64 0.9986295347545738 -0.052335956242943835 0.0 0.0 0.052335956242943835 0.9986295347545738 0.0 0.0 0.0 0.0 0.9999999999999999 0.0 0.0 0.0 0.0 1.0
65 0.9986295347545738 -0.052335956242943835 0.0 0.0 0.052335956242943835 0.9986295347545738 0.0 0.0 0.0 0.0 0.9999999999999999 0.0 0.0 0.0 0.0 1.0
66 0.9986295347545738 -0.052335956242943835 0.0 0.0 0.052335956242943835 0.9986295347545738 0.0 0.0 0.0 0.0 0.9999999999999999 0.0 0.0 0.0 0.0 1.0
67 0.9998476951563913 -0.01745240643728351 0.0 0.0 0.01745240643728351 0.9998476951563913 0.0 0.0 0.0 0.0 1.0 0.0 0.0 0.0 0.0 1.0
68 0.9998476951563913 -0.01745240643728351 0.0 0.0 0.01745240643728351 0.9998476951563913 0.0 0.0 0.0 0.0 1.0 0.0 0.0 0.0 0.0 1.0
69 0.9986295347545738 -0.052335956242943835 0.0 0.0 0.052335956242943835 0.9986295347545738 0.0 0.0 0.0 0.0 0.9999999999999999 0.0 0.0 0.0 0.0 1.0
70 1.0 0.0 0.0 0.0 0.0 1.0 0.0 0.0 0.0 0.0 1.0 0.0 0.0 0.0 0.0 1.0
71 0.9998476951563913 -0.01745240643728351 0.0 0.0 0.01745240643728351 0.9998476951563913 0.0 0.0 0.0 0.0 1.0 0.0 0.0 0.0 0.0 1.0
72 0.9993908270190958 -0.03489949670250097 0.0 0.0 0.03489949670250097 0.9993908270190958 0.0 0.0 0.0 0.0 1.0 0.0 0.0 0.0 0.0 1.0
73 0.9975640502598243 -0.0697564737441253 0.0 0.0 0.0697564737441253 0.9975640502598243 0.0 0.0 0.0 0.0 1.0 0.0 0.0 0.0 0.0 1.0
74 0.9993908270190958 -0.03489949670250097 0.0 0.0 0.03489949670250097 0.9993908270190958 0.0 0.0 0.0 0.0 1.0 0.0 0.0 0.0 0.0 1.0
75 0.9998476951563913 -0.01745240643728351 0.0 0.0 0.01745240643728351 0.9998476951563913 0.0 0.0 0.0 0.0 1.0 0.0 0.0 0.0 0.0 1.0
76 0.9998476951563913 -0.01745240643728351 0.0 0.0 0.01745240643728351 0.9998476951563913 0.0 0.0 0.0 0.0 1.0 0.0 0.0 0.0 0.0 1.0
77 0.9986295347545738 -0.052335956242943835 0.0 0.0 0.052335956242943835 0.9986295347545738 0.0 0.0 0.0 0.0 0.9999999999999999 0.0 0.0 0.0 0.0 1.0
78 0.9998476951563913 -0.01745240643728351 0.0 0.0 0.01745240643728351 0.9998476951563913 0.0 0.0 0.0 0.0 1.0 0.0 0.0 0.0 0.0 1.0
79 0.9975640502598243 -0.0697564737441253 0.0 0.0 0.0697564737441253 0.9975640502598243 0.0 0.0 0.0 0.0 1.0 0.0 0.0 0.0 0.0 1.0
80 0.9993908270190958 -0.03489949670250097 0.0 0.0 0.03489949670250097 0.9993908270190958 0.0 0.0 0.0 0.0 1.0 0.0 0.0 0.0 0.0 1.0
81 1.0 0.0 0.0 0.0 0.0 1.0 0.0 0.0 0.0 0.0 1.0 0.0 0.0 0.0 0.0 1.0
82 0.9998476951563913 -0.01745240643728351 0.0 0.0 0.01745240643728351 0.9998476951563913 0.0 0.0 0.0 0.0 1.0 0.0 0.0 0.0 0.0 1.0
83 0.9993908270190958 -0.03489949670250097 0.0 0.0 0.03489949670250097 0.9993908270190958 0.0 0.0 0.0 0.0 1.0 0.0 0.0 0.0 0.0 1.0
84 0.9993908270190958 -0.03489949670250097 0.0 0.0 0.03489949670250097 0.9993908270190958 0.0 0.0 0.0 0.0 1.0 0.0 0.0 0.0 0.0 1.0
85 0.9998476951563913 -0.01745240643728351 0.0 0.0 0.01745240643728351 0.9998476951563913 0.0 0.0 0.0 0.0 1.0 0.0 0.0 0.0 0.0 1.0
86 0.9975640502598243 -0.0697564737441253 0.0 0.0 0.0697564737441253 0.9975640502598243 0.0 0.0 0.0 0.0 1.0 0.0 0.0 0.0 0.0 1.0
87 0.9998476951563913 -0.01745240643728351 0.0 0.0 0.01745240643728351 0.9998476951563913 0.0 0.0 0.0 0.0 1.0 0.0 0.0 0.0 0.0 1.0
88 1.0 0.0 0.0 0.0 0.0 1.0 0.0 0.0 0.0 0.0 1.0 0.0 0.0 0.0 0.0 1.0
89 0.9993908270190958 -0.03489949670250097 0.0 0.0 0.03489949670250097 0.9993908270190958 0.0 0.0 0.0 0.0 1.0 0.0 0.0 0.0 0.0 1.0
90 0.9993908270190958 -0.03489949670250097 0.0 0.0 0.03489949670250097 0.9993908270190958 0.0 0.0 0.0 0.0 1.0 0.0 0.0 0.0 0.0 1.0
91 1.0 0.0 0.0 0.0 0.0 1.0 0.0 0.0 0.0 0.0 1.0 0.0 0.0 0.0 0.0 1.0
92 0.9975640502598243 -0.0697564737441253 0.0 0.0 0.0697564737441253 0.9975640502598243 0.0 0.0 0.0 0.0 1.0 0.0 0.0 0.0 0.0 1.0
93 0.9975640502598243 -0.0697564737441253 0.0 0.0 0.0697564737441253 0.9975640502598243 0.0 0.0 0.0 0.0 1.0 0.0 0.0 0.0 0.0 1.0
94 0.9975640502598243 -0.0697564737441253 0.0 0.0 0.0697564737441253 0.9975640502598243 0.0 0.0 0.0 0.0 1.0 0.0 0.0 0.0 0.0 1.0
95 0.9986295347545738 -0.052335956242943835 0.0 0.0 0.052335956242943835 0.9986295347545738 0.0 0.0 0.0 0.0 0.9999999999999999 0.0 0.0 0.0 0.0 1.0
96 0.9993908270190958 -0.03489949670250097 0.0 0.0 0.03489949670250097 0.9993908270190958 0.0 0.0 0.0 0.0 1.0 0.0 0.0 0.0 0.0 1.0
97 1.0 0.0 0.0 0.0 0.0 1.0 0.0 0.0 0.0 0.0 1.0 0.0 0.0 0.0 0.0 1.0
98 0.9998476951563913 -0.01745240643728351 0.0 0.0 0.01745240643728351 0.9998476951563913 0.0 0.0 0.0 0.0 1.0 0.0 0.0 0.0 0.0 1.0
99 0.9993908270190958 -0.03489949670250097 0.0 0.0 0.03489949670250097 0.9993908270190958 0.0 0.0 0.0 0.0 1.0 0.0 0.0 0.0 0.0 1.0
100 1.0 0.0 0.0 0.0 0.0 1.0 0.0 0.0 0.0 0.0 1.0 0.0 0.0 0.0 0.0 1.0
